CH3, multiphoton ionization, scaled 2.3e-03 from Smooke calc. (Norton et al., 1993)


-10.00000  -2.28948E-0006
 -9.80000   2.31760E-0007
 -9.60000   3.47370E-0007
 -9.40000   1.02524E-0007
 -9.20000  -1.11284E-0006
 -9.00000  -4.36809E-0007
 -8.80000  -1.24262E-0006
 -8.60000  -3.12113E-0006
 -8.40000  -9.78845E-0008
 -8.20000  -3.13844E-0006
 -8.00000  -2.39872E-0006
 -7.80000  -3.95064E-0007
 -7.60000  -5.07213E-0006
 -7.40000  -4.04796E-0006
 -7.20000  -4.81150E-0006
 -7.00000  -1.67521E-0006
 -6.80000   1.49460E-0006
 -6.60000  -3.52777E-0006
 -6.40000   3.98091E-0005
 -6.20000   2.37924E-0004
 -6.00000   1.09770E-0003
 -5.80000   1.94558E-0003
 -5.60000   2.30029E-0003
 -5.40000   1.74442E-0003
 -5.20000   1.39402E-0003
 -5.00000   1.09770E-0003
 -4.80000   8.72860E-0004
 -4.60000   7.26427E-0004
 -4.40000   5.20299E-0004
 -4.20000   3.12113E-0004
 -4.00000   2.34247E-0004
 -3.80000   1.64709E-0004
 -3.60000   2.23974E-0004
 -3.40000   1.24370E-0004
 -3.20000   5.14458E-0005
 -3.00000   6.63595E-0005
 -2.80000  -4.82447E-0005
 -2.60000   7.25779E-0005
 -2.40000  -8.75997E-0006
 -2.20000   1.82013E-0005
 -2.00000   3.58077E-0005
 -1.80000   3.88250E-0005
 -1.60000   1.67088E-0006
 -1.40000  -2.86050E-0005
 -1.20000   2.58041E-0007
 -1.00000  -3.05302E-0007
 -0.80000   1.45026E-0005
 -0.60000   1.28696E-0005
 -0.40000   6.50726E-0006
 -0.20000   3.97010E-0006
  0.00000   8.02239E-0006
  0.20000   3.97010E-0006
  0.40000   6.50726E-0006
  0.60000   1.28696E-0005
  0.80000   1.45026E-0005
  1.00000  -3.05302E-0007
  1.20000   2.58041E-0007
  1.40000  -2.86050E-0005
  1.60000   1.67088E-0006
  1.80000   3.88250E-0005
  2.00000   3.58077E-0005
  2.20000   1.82013E-0005
  2.40000  -8.75997E-0006
  2.60000   7.25779E-0005
  2.80000  -4.82447E-0005
  3.00000   6.63595E-0005
  3.20000   5.14458E-0005
  3.40000   1.24370E-0004
  3.60000   2.23974E-0004
  3.80000   1.64709E-0004
  4.00000   2.34247E-0004
  4.20000   3.12113E-0004
  4.40000   5.20299E-0004
  4.60000   7.26427E-0004
  4.80000   8.72860E-0004
  5.00000   1.09770E-0003
  5.20000   1.39402E-0003
  5.40000   1.74442E-0003
  5.60000   2.30029E-0003
  5.80000   1.94558E-0003
  6.00000   1.09770E-0003
  6.20000   2.37924E-0004
  6.40000   3.98091E-0005
  6.60000  -3.52777E-0006
  6.80000   1.49460E-0006
  7.00000  -1.67521E-0006
  7.20000  -4.81150E-0006
  7.40000  -4.04796E-0006
  7.60000  -5.07213E-0006
  7.80000  -3.95064E-0007
  8.00000  -2.39872E-0006
  8.20000  -3.13844E-0006
  8.40000  -9.78845E-0008
  8.60000  -3.12113E-0006
  8.80000  -1.24262E-0006
  9.00000  -4.36809E-0007
  9.20000  -1.11284E-0006
  9.40000   1.02524E-0007
  9.60000   3.47370E-0007
  9.80000   2.31760E-0007
 10.00000  -2.28948E-0006
