CO, tunable diode laser, H = 9 mm

       -10.00    0.000156
        -9.80    0.000156
        -9.60    0.000156
        -9.40    0.000175
        -9.20    0.000180
        -9.00    0.000220
        -8.80    0.000268
        -8.60    0.000421
        -8.40    0.000411
        -8.20    0.000548
        -8.00    0.000897
        -7.80    0.001273
        -7.60    0.001822
        -7.40    0.004422
        -7.20    0.004840
        -7.00    0.008614
        -6.80    0.009124
        -6.60    0.012630
        -6.40    0.009620
        -6.20    0.022260
        -6.00    0.027580
        -5.80    0.027580
        -5.60    0.027960
        -5.40    0.030780
        -5.20    0.029810
        -5.00    0.030010
        -4.80    0.031270
        -4.60    0.033470
        -4.40    0.033590
        -4.20    0.033440
        -4.00    0.032740
        -3.80    0.033080
        -3.60    0.030240
        -3.40    0.030180
        -3.20    0.027600
        -3.00    0.027070
        -2.80    0.024520
        -2.60    0.024230
        -2.40    0.022090
        -2.20    0.020500
        -2.00    0.018740
        -1.80    0.017110
        -1.60    0.015670
        -1.40    0.014240
        -1.20    0.013160
        -1.00    0.012100
        -0.80    0.010470
        -0.60    0.009960
        -0.40    0.009470
        -0.20    0.008860
         0.00    0.008660
         0.20    0.008860
         0.40    0.009470
         0.60    0.009960
         0.80    0.010470
         1.00    0.012100
         1.20    0.013160
         1.40    0.014240
         1.60    0.015670
         1.80    0.017110
         2.00    0.018740
         2.20    0.020500
         2.40    0.022090
         2.60    0.024230
         2.80    0.024520
         3.00    0.027070
         3.20    0.027600
         3.40    0.030180
         3.60    0.030240
         3.80    0.033080
         4.00    0.032740
         4.20    0.033440
         4.40    0.033590
         4.60    0.033470
         4.80    0.031270
         5.00    0.030010
         5.20    0.029810
         5.40    0.030780
         5.60    0.027960
         5.80    0.027580
         6.00   0.027580
        6.20    0.022260
        6.40    0.009620
         6.60    0.012630
         6.80    0.009124
         7.00    0.008614
         7.20    0.004840
         7.40    0.004422
         7.60    0.001822
         7.80    0.001273
         8.00    0.000897
         8.20    0.000548
         8.40    0.000411
         8.60    0.000421
         8.80    0.000268
         9.00    0.000220
         9.20    0.000180
         9.40    0.000175
         9.60    0.000156
         9.80    0.000156
        10.00    0.000156