H atom, multiphoton ionization, scaled to 2.5e-03 from partial equilibrium analysis (Smyth et al,
1990)

-10.00000   9.75133E-0008
 -9.80000   1.05343E-0006
 -9.60000   4.45994E-0007
 -9.40000   1.16838E-0007
 -9.20000   7.86200E-0007
 -9.00000  -2.40558E-0007
 -8.80000   3.78185E-0007
 -8.60000   1.23127E-0006
 -8.40000   4.60573E-0007
 -8.20000  -2.79474E-0008
 -8.00000   2.05054E-0005
 -7.80000   2.74956E-0005
 -7.60000   4.55849E-0005
 -7.40000   7.11563E-0005
 -7.20000   1.81778E-0004
 -7.00000   3.35689E-0004
 -6.80000   7.02824E-0004
 -6.60000   1.02266E-0003
 -6.40000   1.71612E-0003
 -6.20000   2.49999E-0003
 -6.00000   2.44379E-0003
 -5.80000   1.47373E-0003
 -5.60000   8.38632E-0004
 -5.40000   4.08859E-0004
 -5.20000   1.82123E-0004
 -5.00000   3.40058E-0005
 -4.80000   0.00000E+0000
 -4.60000   0.00000E+0000
 -4.40000   0.00000E+0000
 -4.20000   0.00000E+0000
 -4.00000   0.00000E+0000
 -3.80000   0.00000E+0000
 -3.60000   0.00000E+0000
 -3.40000   0.00000E+0000
 -3.20000   0.00000E+0000
 -3.00000   0.00000E+0000
 -2.80000   0.00000E+0000
 -2.60000   0.00000E+0000
 -2.40000   0.00000E+0000
 -2.20000   0.00000E+0000
 -2.00000   0.00000E+0000
 -1.80000   0.00000E+0000
 -1.60000   0.00000E+0000
 -1.40000   0.00000E+0000
 -1.20000   0.00000E+0000
 -1.00000   0.00000E+0000
 -0.80000   0.00000E+0000
 -0.60000   0.00000E+0000
 -0.40000   0.00000E+0000
 -0.20000   0.00000E+0000
  0.00000   0.00000E+0000
  0.20000   0.00000E+0000
  0.40000   0.00000E+0000
  0.60000   0.00000E+0000
  0.80000   0.00000E+0000
  1.00000   0.00000E+0000
  1.20000   0.00000E+0000
  1.40000   0.00000E+0000
  1.60000   0.00000E+0000
  1.80000   0.00000E+0000
  2.00000   0.00000E+0000
  2.20000   0.00000E+0000
  2.40000   0.00000E+0000
  2.60000   0.00000E+0000
  2.80000   0.00000E+0000
  3.00000   0.00000E+0000
  3.20000   0.00000E+0000
  3.40000   0.00000E+0000
  3.60000   0.00000E+0000
  3.80000   0.00000E+0000
  4.00000   0.00000E+0000
  4.20000   0.00000E+0000
  4.40000   0.00000E+0000
  4.60000   0.00000E+0000
  4.80000   0.00000E+0000
  5.00000   3.40058E-0005
  5.20000   1.82123E-0004
  5.40000   4.08859E-0004
  5.60000   8.38632E-0004
  5.80000   1.47373E-0003
  6.00000   2.44379E-0003
  6.20000   2.49999E-0003
  6.40000   1.71612E-0003
  6.60000   1.02266E-0003
  6.80000   7.02824E-0004
  7.00000   3.35689E-0004
  7.20000   1.81778E-0004
  7.40000   7.11563E-0005
  7.60000   4.55849E-0005
  7.80000   2.74956E-0005
  8.00000   2.05054E-0005
  8.20000  -2.79474E-0008
  8.40000   4.60573E-0007
  8.60000   1.23127E-0006
  8.80000   3.78185E-0007
  9.00000  -2.40558E-0007
  9.20000   7.86200E-0007
  9.40000   1.16838E-0007
  9.60000   4.45994E-0007
  9.80000   1.05343E-0006
 10.00000   9.75133E-0008
