Horizontal velocity, LDV

                                 H=3                       H=5                     H=7                      H=9                       H=11                      H=13                    H=15                       H=17                     H=19
-12.70000         2.27950E-0001    1.04650E+0000    6.84340E-0001    7.61030E-0001    -8.88530E-0001    4.23060E+0000    -9.35830E-0002     2.83270E+0000     1.95030E+0000
-12.19200         -6.71590E-0001    1.16680E+0000    7.65220E-0001    1.58190E+0000    1.02660E+0000    2.14480E+0000     3.12190E+0000     1.88050E+0000     3.63350E+0000
-11.68400         -1.10440E+0000    2.67160E-0001    1.00990E+0000    2.03750E+0000    2.04380E+0000    2.84270E+0000     3.12120E+0000     3.71860E+0000     2.60860E+0000
-11.17600         -2.22390E+0000    6.60230E-0001    6.74040E-0001    2.01990E+0000    1.75890E+0000    5.11920E+0000     2.00480E+0000     2.94250E+0000     3.66720E+0000
-10.66800         -1.79200E+0000    1.93200E-0001    7.65240E-0001    2.42820E+0000    3.58870E+0000    3.28720E+0000     4.36440E+0000     3.37550E+0000     4.58930E+0000
-10.16000         -2.61190E+0000    -8.91230E-0001    2.74060E-0002    3.24850E+0000    2.52150E+0000    4.18360E+0000     5.31180E+0000     4.79920E+0000     4.86400E+0000
 -9.65200         -1.73050E+0000    9.05080E-0001    2.43890E+0000    4.01600E+0000    4.40920E+0000    5.25860E+0000     5.89570E+0000     6.99260E+0000     6.77550E+0000
 -9.14400         -3.89250E+0000    -4.25330E-0002    2.91180E+0000    4.88130E+0000    6.21270E+0000    7.02950E+0000     7.36310E+0000     9.09030E+0000     8.06680E+0000
 -8.63600         -2.13760E+0000    1.41000E+0000    4.25510E+0000    7.10950E+0000    8.54900E+0000    9.22050E+0000     9.19410E+0000     9.69190E+0000     1.05610E+0001
 -8.12800         -2.24840E+0000    3.81940E+0000    6.21460E+0000    9.82450E+0000    1.12730E+0001    1.22900E+0001     1.21750E+0001     1.22430E+0001     1.25400E+0001
 -7.62000         -3.60330E-0001    7.28970E+0000    1.08440E+0001    1.35860E+0001    1.45840E+0001    1.18160E+0001     1.49610E+0001     1.55050E+0001     1.55450E+0001
 -7.11200          4.60230E+0000    1.32420E+0001    1.57320E+0001    1.83450E+0001    1.81110E+0001    1.92440E+0001     1.88010E+0001     1.85420E+0001     1.79430E+0001
 -6.60400          1.15110E+0001    1.70110E+0001    2.07190E+0001    2.13070E+0001    2.22200E+0001    1.84240E+0001     2.16670E+0001     2.06430E+0001     2.00680E+0001
 -6.09600          1.86250E+0001    2.14280E+0001    2.38720E+0001    2.43330E+0001    2.33730E+0001    2.44110E+0001     2.30000E+0001     2.13190E+0001     2.17170E+0001
 -5.58800          2.69510E+0001    2.51580E+0001    2.77680E+0001    2.72640E+0001    2.73860E+0001    2.76450E+0001     1.85490E+0001     1.81730E+0001     2.57400E+0001
 -5.08000          2.79900E+0001    2.58820E+0001    2.58000E+0001    2.79710E+0001    2.54970E+0001    2.44600E+0001     2.31390E+0001     2.01410E+0001     2.54450E+0001
 -4.57200          2.39710E+0001    2.30990E+0001    2.02470E+0001    1.93590E+0001    1.90610E+0001    2.38800E+0001     1.42710E+0001     1.65320E+0001     1.34960E+0001
 -4.06400          1.92980E+0001    2.29870E+0001    2.16640E+0001    2.13960E+0001    1.85150E+0001    1.59430E+0001     1.53640E+0001     1.72390E+0001     8.80120E+0000
 -3.55600          1.58540E+0001    1.75350E+0001    1.83240E+0001    1.79360E+0001    1.67790E+0001    1.74580E+0001     1.15860E+0001     1.71230E+0001     1.81520E+0001
 -3.04800          1.36430E+0001    1.28090E+0001    1.50330E+0001    1.31910E+0001    1.17040E+0001    1.47430E+0001     3.50510E+0000     1.09320E+0001     8.83830E+0000
 -2.54000          9.15630E+0000    8.65550E+0000    8.66430E+0000    8.91410E+0000    9.59510E+0000    1.29420E+0001     1.33570E+0001     1.22160E+0001     5.49030E+0000
 -2.03200          4.35150E+0000    7.75340E+0000    1.01820E+0001    5.80390E+0000    1.36710E+0001    1.16820E+0001     7.18980E+0000     2.84630E+0000     3.98900E+0000
 -1.52400          2.09600E+0000    3.58450E+0000    4.05710E+0000    6.89040E+0000    6.76410E+0000    6.94880E+0000     1.25650E+0001     4.89340E+0000     6.63870E+0000
 -1.01600          2.15840E+0000    4.10180E+0000    4.78320E+0000    7.78230E+0000    7.09450E+0000    6.50320E+0000     4.10100E+0000     1.58730E+0001     3.61140E+0000
 -0.50800          1.24060E+0000    3.13910E+0000    5.02770E+0000    5.94600E-0001    2.89730E+0000    3.00720E+0000     3.02070E+0000     1.44540E+0000     2.61330E+0000
0.00000         4.63170E-0001    7.92860E-0001    4.82390E+0000    -2.86070E-0001    8.59770E-0001    -3.86850E+0000     1.76950E+0000     3.32790E+0000     4.47630E+0000
0.50800         1.64260E-0001    9.22900E-0001    -1.36020E+0000    8.45340E-0001    -2.85040E-0002    7.30530E-0001     3.12060E+0000    -1.99020E+0000     4.15610E+0000
1.01600         1.08380E-0001    4.94930E-0001    -2.04980E+0000    -3.32830E+0000    -2.87070E+0000    -2.69070E+0000    -2.87090E-0001     3.70490E+0000    -2.70600E+0000
1.52400        -9.30470E-0001    -4.55620E-0001    -1.76240E+0000    -2.48670E+0000    -1.47730E+0000    -2.94530E+0000    -1.53560E+0000    -7.15260E+0000    -7.08450E+0000
2.03200        -1.24980E+0000    -4.58230E+0000    -5.96580E+0000    -5.18130E+0000    -2.68390E+0000    -2.57060E+0000    -1.56960E+0000    -2.43420E+0000    -5.22150E+0000
2.54000        -4.91110E+0000    -2.78370E+0000    -4.09290E+0000    -2.87710E+0000    -1.70370E+0000    -3.66990E+0000    -1.05530E-0001    -3.50560E+0000    -4.59920E+0000
3.04800        -4.72870E+0000    -4.60060E+0000    -6.29920E+0000    -8.05990E+0000    -8.88330E+0000    -1.74230E+0000    -6.32310E+0000    -1.09570E+0001    -6.13520E+0000
3.55600        -1.05550E+0001    -7.06100E+0000    -1.05760E+0001    -1.36100E+0001    -1.18290E+0001    -8.33740E+0000    -6.01350E+0000    -7.85940E+0000    -5.89540E+0000
4.06400        -9.79040E+0000    -1.24810E+0001    -1.50800E+0001    -1.95950E+0001    -1.20290E+0001    -6.52650E+0000    -8.37590E+0000    -1.17290E+0001    -1.68730E+0001
4.57200        -1.55170E+0001    -1.39070E+0001    -1.41830E+0001    -1.71690E+0001    -1.25110E+0001    -9.63370E+0000    -1.09400E+0001    -1.89940E+0001    -1.53450E+0001
5.08000        -2.44860E+0001    -1.93360E+0001    -1.26700E+0001    -2.20830E+0001    -1.82950E+0001    -1.48050E+0001    -1.85950E+0001    -2.02360E+0001    -1.36760E+0001
5.58800        -2.49410E+0001    -1.47570E+0001    -1.76530E+0001    -1.67140E+0001    -1.19630E+0001    -2.09440E+0001    -1.74710E+0001    -1.71590E+0001    -1.66550E+0001
6.09600        -2.04770E+0001    -2.22910E+0001    -2.43090E+0001    -2.02500E+0001    -2.08760E+0001    -1.05420E+0001    -1.97030E+0001    -1.29670E+0001    -1.64730E+0001
6.60400        -1.26090E+0001    -1.69690E+0001    -2.02180E+0001    -1.85370E+0001    -1.94870E+0001    -1.77540E+0001    -1.85760E+0001    -1.88640E+0001    -1.68350E+0001
7.11200        -5.34570E+0000    -1.18280E+0001    -1.49440E+0001    -1.71190E+0001    -1.71120E+0001    -1.33760E+0001    -1.40830E+0001    -1.19960E+0001    -1.44340E+0001
7.62000         9.87450E-0001    -7.31390E+0000    -1.11620E+0001    -1.29010E+0001    -1.26300E+0001    -1.46760E+0001    -1.37620E+0001    -1.31420E+0001    -1.19280E+0001
8.12800         3.76880E+0000    -2.02000E+0000    -7.09470E+0000    -9.17420E+0000    -1.06340E+0001    -1.11620E+0001    -1.13270E+0001    -1.10670E+0001    -1.01080E+0001
8.63600         4.36700E+0000    1.32300E+0000    -3.33880E+0000    -6.09250E+0000    -7.41890E+0000    -8.03670E+0000    -8.50050E+0000    -8.49260E+0000    -8.95090E+0000
9.14400         5.88590E+0000    2.13330E+0000    -1.41810E+0000    -2.45030E+0000    -5.24320E+0000    -5.92290E+0000    -6.31370E+0000    -5.81570E+0000    -5.09200E+0000
9.65200         4.97530E+0000    1.89130E+0000    4.33480E-0001    -1.86110E+0000    -3.32750E+0000    -4.15330E+0000    -4.28770E+0000    -4.60790E+0000    -5.39060E+0000
10.16000          5.46440E+0000    5.64970E+0000    9.70230E-0001    -1.66680E+0000    -3.98660E+0000    -2.99940E+0000    -2.72280E+0000    -1.94710E+0000    -3.02650E+0000
10.66800          4.06000E+0000    1.50480E+0000    2.01270E+0000    1.31230E+0000    -2.12670E+0000    -2.83370E+0000    -1.83360E+0000    -3.13980E+0000    -3.05170E+0000
11.17600          3.81810E+0000    1.66860E+0000    2.35570E+0000    -1.62710E+0000    -8.56560E-0001    -9.51470E-0001    -2.25200E+0000    -1.98020E+0000    -2.53920E+0000
11.68400          3.04590E+0000    4.57600E+0000    1.30640E+0000    -5.15480E-0001    -2.61380E+0000    -3.53440E-0001    -6.00590E-0001    -3.37610E+0000    -2.39170E+0000
12.19200          3.00870E+0000    3.09130E+0000    5.35840E-0001    -2.15920E+0000    -2.01620E+0000    -8.55600E-0001    -2.33510E+0000    -3.71660E+0000    -2.95630E+0000
12.70000          2.26200E+0000    1.62760E+0000      8.38130E-0001    -3.07250E-0001    -1.95660E+0000      3.97030E-0001    -1.14990E+0000      -5.61320E-0001     -2.15580E+0000