O atom, two-photon fluorescence, scaled to 2.0e-03 from Smooke calculation (Norton et al.,
1993)

-10.00000   7.33663E-0007
 -9.80000   5.83017E-0006
 -9.60000   3.83711E-0006
 -9.40000   5.86883E-0006
 -9.20000   1.12256E-0005
 -9.00000   1.41486E-0005
 -8.80000   1.22332E-0005
 -8.60000   3.28792E-0005
 -8.40000   4.99498E-0005
 -8.20000   1.24139E-0004
 -8.00000   4.41599E-0004
 -7.80000   6.19821E-0004
 -7.60000   9.35327E-0004
 -7.40000   1.37556E-0003
 -7.20000   1.62239E-0003
 -7.00000   2.00025E-0003
 -6.80000   1.99782E-0003
 -6.60000   1.88257E-0003
 -6.40000   1.49367E-0003
 -6.20000   9.46081E-0004
 -6.00000   5.67511E-0004
 -5.80000   3.79856E-0004
 -5.60000   2.57028E-0004
 -5.40000   2.01067E-0004
 -5.20000   1.72213E-0004
 -5.00000   1.35396E-0004
 -4.80000   1.07781E-0004
 -4.60000   9.20259E-0005
 -4.40000   8.79264E-0005
 -4.20000   8.30342E-0005
 -4.00000   7.25523E-0005
 -3.80000   5.91207E-0005
 -3.60000   5.80764E-0005
 -3.40000   6.13616E-0005
 -3.20000   5.63033E-0005
 -3.00000   4.24122E-0005
 -2.80000   2.85159E-0005
 -2.60000   3.32460E-0005
 -2.40000   3.94200E-0005
 -2.20000   2.61636E-0005
 -2.00000   2.06216E-0005
 -1.80000   2.66016E-0005
 -1.60000   1.11580E-0005
 -1.40000   1.68695E-0005
 -1.20000   8.68990E-0006
 -1.00000   8.04660E-0006
 -0.80000   5.95660E-0006
 -0.60000   7.84113E-0006
 -0.40000   8.44716E-0006
 -0.20000   1.07106E-0005
  0.00000   7.81646E-0006
  0.20000   1.07106E-0005
  0.40000   8.44716E-0006
  0.60000   7.84113E-0006
  0.80000   5.95660E-0006
  1.00000   8.04660E-0006
  1.20000   8.68990E-0006
  1.40000   1.68695E-0005
  1.60000   1.11580E-0005
  1.80000   2.66016E-0005
  2.00000   2.06216E-0005
  2.20000   2.61636E-0005
  2.40000   3.94200E-0005
  2.60000   3.32460E-0005
  2.80000   2.85159E-0005
  3.00000   4.24122E-0005
  3.20000   5.63033E-0005
  3.40000   6.13616E-0005
  3.60000   5.80764E-0005
  3.80000   5.91207E-0005
  4.00000   7.25523E-0005
  4.20000   8.30342E-0005
  4.40000   8.79264E-0005
  4.60000   9.20259E-0005
  4.80000   1.07781E-0004
  5.00000   1.35396E-0004
  5.20000   1.72213E-0004
  5.40000   2.01067E-0004
  5.60000   2.57028E-0004
  5.80000   3.79856E-0004
  6.00000   5.67511E-0004
  6.20000   9.46081E-0004
  6.40000   1.49367E-0003
  6.60000   1.88257E-0003
  6.80000   1.99782E-0003
  7.00000   2.00025E-0003
  7.20000   1.62239E-0003
  7.40000   1.37556E-0003
  7.60000   9.35327E-0004
  7.80000   6.19821E-0004
  8.00000   4.41599E-0004
  8.20000   1.24139E-0004
  8.40000   4.99498E-0005
  8.60000   3.28792E-0005
  8.80000   1.22332E-0005
  9.00000   1.41486E-0005
  9.20000   1.12256E-0005
  9.40000   5.86883E-0006
  9.60000   3.83711E-0006
  9.80000   5.83017E-0006
 10.00000   7.33663E-0007
