Scalar dissipation rate, smoothed (Norton et al., 1993)

-1.00000E+0001     1.10000E-0004
-9.80000E+0000     1.17000E-0003
-9.60000E+0000     3.30000E-0003
-9.40000E+0000     5.65000E-0003
-9.20000E+0000     9.54000E-0003
-9.00000E+0000     1.84100E-0002
-8.80000E+0000     3.37200E-0002
-8.60000E+0000     5.07500E-0002
-8.40000E+0000     6.85000E-0002
-8.20000E+0000     9.59000E-0002
-8.00000E+0000     1.37850E-0001
-7.80000E+0000     1.88830E-0001
-7.60000E+0000     2.50040E-0001
-7.40000E+0000     3.34770E-0001
-7.20000E+0000     4.28040E-0001
-7.00000E+0000     4.85970E-0001
-6.80000E+0000     5.12490E-0001
-6.60000E+0000     5.83140E-0001
-6.40000E+0000     7.63230E-0001
-6.20000E+0000     1.03915E+0000
-6.00000E+0000     1.31194E+0000
-5.80000E+0000     1.47970E+0000
-5.60000E+0000     1.54067E+0000
-5.40000E+0000     1.59890E+0000
-5.20000E+0000     1.76958E+0000
-5.00000E+0000     2.12504E+0000
-4.80000E+0000     2.74158E+0000
-4.60000E+0000     3.67954E+0000
-4.40000E+0000     4.74901E+0000
-4.20000E+0000     5.40834E+0000
-4.00000E+0000     5.34157E+0000
-3.80000E+0000     4.99064E+0000
-3.60000E+0000     5.09430E+0000
-3.40000E+0000     5.96220E+0000
-3.20000E+0000     7.22845E+0000
-3.00000E+0000     8.02623E+0000
-2.80000E+0000     7.99076E+0000
-2.60000E+0000     7.69347E+0000
-2.40000E+0000     7.77652E+0000
-2.20000E+0000     8.10333E+0000
-2.00000E+0000     8.08862E+0000
-1.80000E+0000     7.54756E+0000
-1.60000E+0000     6.94118E+0000
-1.40000E+0000     6.66375E+0000
-1.20000E+0000     6.52979E+0000
-1.00000E+0000     5.91372E+0000
-8.00000E-0001     4.56175E+0000
-6.00000E-0001     2.91560E+0000
-4.00000E-0001     1.51202E+0000
-2.00000E-0001     5.72150E-0001
 0.00000E+0000     2.31910E-0001
 2.00000E-0001     5.72150E-0001
 4.00000E-0001     1.51202E+0000
 6.00000E-0001     2.91560E+0000
 8.00000E-0001     4.56175E+0000
 1.00000E+0000     5.91372E+0000
 1.20000E+0000     6.52979E+0000
 1.40000E+0000     6.66375E+0000
 1.60000E+0000     6.94118E+0000
 1.80000E+0000     7.54756E+0000
 2.00000E+0000     8.08862E+0000
 2.20000E+0000     8.10333E+0000
 2.40000E+0000     7.77652E+0000
 2.60000E+0000     7.69347E+0000
 2.80000E+0000     7.99076E+0000
 3.00000E+0000     8.02623E+0000
 3.20000E+0000     7.22845E+0000
 3.40000E+0000     5.96220E+0000
 3.60000E+0000     5.09430E+0000
 3.80000E+0000     4.99064E+0000
 4.00000E+0000     5.34157E+0000
 4.20000E+0000     5.40834E+0000
 4.40000E+0000     4.74901E+0000
 4.60000E+0000     3.67954E+0000
 4.80000E+0000     2.74158E+0000
 5.00000E+0000     2.12504E+0000
 5.20000E+0000     1.76958E+0000
 5.40000E+0000     1.59890E+0000
 5.60000E+0000     1.54067E+0000
 5.80000E+0000     1.47970E+0000
 6.00000E+0000     1.31194E+0000
 6.20000E+0000     1.03915E+0000
 6.40000E+0000     7.63230E-0001
 6.60000E+0000     5.83140E-0001
 6.80000E+0000     5.12490E-0001
 7.00000E+0000     4.85970E-0001
 7.20000E+0000     4.28040E-0001
 7.40000E+0000     3.34770E-0001
 7.60000E+0000     2.50040E-0001
 7.80000E+0000     1.88830E-0001
 8.00000E+0000     1.37850E-0001
 8.20000E+0000     9.59000E-0002
 8.40000E+0000     6.85000E-0002
 8.60000E+0000     5.07500E-0002
 8.80000E+0000     3.37200E-0002
 9.00000E+0000     1.84100E-0002
 9.20000E+0000     9.54000E-0003
 9.40000E+0000     5.65000E-0003
 9.60000E+0000     3.30000E-0003
 9.80000E+0000     1.17000E-0003
 1.00000E+0001     1.10000E-0004
